# Noise levels exported from displayNoiseBS (source ImaGene):
# Format X Y noiseLevel
662 662 2
663 663 2
742 742 2
743 743 2
800 800 2
801 801 2
823 823 2
824 824 2
825 825 2
849 849 2
850 850 2
851 851 2
853 853 2
853 853 2
852 852 2
852 852 2
851 851 2
851 851 2
850 850 2
850 850 2
849 849 2
849 849 2
848 848 2
848 848 2
847 847 2
847 847 2
845 845 2
845 845 2
844 844 2
844 844 2
843 843 2
843 843 2
842 842 2
842 842 2
840 840 2
840 840 2
839 839 2
839 839 2
837 837 2
837 837 2
835 835 2
835 835 2
834 834 2
834 834 2
832 832 2
832 832 2
830 830 2
830 830 2
829 829 2
829 829 2
827 827 2
827 827 2
824 824 2
824 824 2
822 822 2
822 822 2
819 819 2
819 819 2
816 816 2
816 816 2
813 813 2
813 813 2
810 810 2
810 810 2
807 807 2
807 807 2
805 805 2
805 805 2
803 803 2
803 803 2
802 802 2
802 802 2
801 801 2
801 801 2
798 798 2
798 798 2
797 797 2
797 797 2
796 796 2
796 796 2
794 794 2
794 794 2
793 793 2
793 793 2
792 792 2
792 792 2
791 791 2
791 791 2
790 790 2
790 790 2
789 789 2
789 789 2
788 788 2
788 788 2
787 787 2
787 787 2
786 786 2
786 786 2
785 785 2
785 785 2
784 784 2
784 784 2
783 783 2
783 783 2
782 782 2
782 782 2
781 781 2
781 781 2
780 780 2
780 780 2
779 779 2
779 779 2
778 778 2
778 778 2
777 777 2
777 777 2
776 776 2
776 776 2
774 774 2
773 773 2
772 772 2
770 770 2
769 769 2
768 768 2
767 767 2
766 766 2
765 765 2
764 764 2
763 763 2
762 762 2
761 761 2
760 760 2
759 759 2
758 758 2
757 757 2
756 756 2
755 755 2
753 753 2
752 752 2
751 751 2
750 750 2
749 749 2
748 748 2
747 747 2
746 746 2
745 745 2
744 744 2
743 743 2
742 742 2
741 741 2
740 740 2
739 739 2
738 738 2
737 737 2
736 736 2
735 735 2
734 734 2
733 733 2
732 732 2
731 731 2
730 730 2
729 729 2
728 728 2
727 727 2
726 726 2
725 725 2
724 724 2
723 723 2
722 722 2
721 721 2
720 720 2
719 719 2
718 718 2
717 717 2
716 716 2
715 715 2
714 714 2
713 713 2
712 712 2
711 711 2
710 710 2
709 709 2
708 708 2
707 707 2
706 706 2
705 705 2
704 704 2
703 703 2
702 702 2
701 701 2
700 700 2
699 699 2
698 698 2
697 697 2
696 696 2
695 695 2
694 694 2
693 693 2
692 692 2
691 691 2
690 690 2
689 689 2
688 688 2
686 686 2
685 685 2
684 684 2
683 683 2
682 682 2
681 681 2
680 680 2
679 679 2
678 678 2
677 677 2
676 676 2
675 675 2
672 672 2
671 671 2
669 669 2
668 668 2
667 667 2
666 666 2
665 665 2
664 664 2
663 663 2
662 662 2
661 661 2
660 660 2
659 659 2
657 657 2
657 657 2
658 658 2
658 658 2
659 659 2
659 659 2
661 661 2
