# Noise levels exported from displayNoiseBS (source ImaGene):
# Format X Y noiseLevel
336 336 2
336 336 2
335 335 2
335 335 2
334 334 2
334 334 2
333 333 2
333 333 2
332 332 2
332 332 2
331 331 2
331 331 2
330 330 2
330 330 2
329 329 2
329 329 2
328 328 2
328 328 2
327 327 2
327 327 2
326 326 2
326 326 2
325 325 2
325 325 2
324 324 2
324 324 2
322 322 2
322 322 2
319 319 2
319 319 2
307 307 2
306 306 2
301 301 2
300 300 2
298 298 2
297 297 2
295 295 2
294 294 2
293 293 2
292 292 2
291 291 2
290 290 2
287 287 2
286 286 2
285 285 2
284 284 2
283 283 2
282 282 2
279 279 2
278 278 2
276 276 2
275 275 2
273 273 2
272 272 2
270 270 2
269 269 2
267 267 2
266 266 2
263 263 2
262 262 2
260 260 2
259 259 2
256 256 2
255 255 2
250 250 2
249 249 2
244 244 2
244 244 2
239 239 2
239 239 2
238 238 2
238 238 2
237 237 2
237 237 2
236 236 2
236 236 2
235 235 2
235 235 2
234 234 2
234 234 2
233 233 2
233 233 2
232 232 2
232 232 2
231 231 2
231 231 2
230 230 2
230 230 2
229 229 2
229 229 2
228 228 2
228 228 2
227 227 2
227 227 2
228 228 2
228 228 2
227 227 2
227 227 2
226 226 2
226 226 2
227 227 2
227 227 2
228 228 2
228 228 2
229 229 2
229 229 2
230 230 2
230 230 2
231 231 2
231 231 2
232 232 2
232 232 2
233 233 2
233 233 2
234 234 2
234 234 2
235 235 2
235 235 2
236 236 2
236 236 2
237 237 2
237 237 2
241 241 2
241 241 2
248 248 2
249 249 2
256 256 2
257 257 2
261 261 2
262 262 2
267 267 2
268 268 2
272 272 2
273 273 2
277 277 2
278 278 2
281 281 2
282 282 2
284 284 2
285 285 2
292 292 2
293 293 2
303 303 2
303 303 2
307 307 2
307 307 2
309 309 2
309 309 2
311 311 2
311 311 2
312 312 2
312 312 2
313 313 2
313 313 2
314 314 2
314 314 2
315 315 2
315 315 2
316 316 2
316 316 2
317 317 2
317 317 2
318 318 2
318 318 2
319 319 2
319 319 2
320 320 2
320 320 2
321 321 2
321 321 2
322 322 2
322 322 2
323 323 2
332 332 2
333 333 2
336 336 2
337 337 2
341 341 2
342 342 2
345 345 2
346 346 2
349 349 2
350 350 2
354 354 2
355 355 2
358 358 2
359 359 2
362 362 2
363 363 2
367 367 2
368 368 2
374 374 2
375 375 2
377 377 2
378 378 2
383 383 2
384 384 2
387 387 2
388 388 2
392 392 2
393 393 2
399 399 2
400 400 2
402 402 2
403 403 2
408 408 2
409 409 2
412 412 2
413 413 2
418 418 2
419 419 2
424 424 2
425 425 2
430 430 2
431 431 2
436 436 2
437 437 2
443 443 2
444 444 2
448 448 2
449 449 2
456 456 2
457 457 2
461 461 2
462 462 2
466 466 2
467 467 2
470 470 2
471 471 2
473 473 2
474 474 2
477 477 2
478 478 2
481 481 2
482 482 2
486 486 2
487 487 2
491 491 2
492 492 2
496 496 2
497 497 2
500 500 2
501 501 2
504 504 2
505 505 2
509 509 2
510 510 2
515 515 2
516 516 2
519 519 2
520 520 2
524 524 2
525 525 2
531 531 2
532 532 2
537 537 2
538 538 2
538 538 2
537 537 2
537 537 2
536 536 2
536 536 2
535 535 2
535 535 2
536 536 2
536 536 2
537 537 2
537 537 2
538 538 2
538 538 2
539 539 2
539 539 2
540 540 2
540 540 2
541 541 2
541 541 2
542 542 2
542 542 2
543 543 2
543 543 2
544 544 2
544 544 2
545 545 2
545 545 2
544 544 2
542 542 2
541 541 2
538 538 2
537 537 2
535 535 2
534 534 2
531 531 2
530 530 2
528 528 2
527 527 2
525 525 2
524 524 2
523 523 2
521 521 2
520 520 2
519 519 2
518 518 2
517 517 2
516 516 2
514 514 2
513 513 2
511 511 2
510 510 2
507 507 2
506 506 2
504 504 2
503 503 2
500 500 2
499 499 2
497 497 2
496 496 2
493 493 2
492 492 2
490 490 2
489 489 2
487 487 2
486 486 2
484 484 2
483 483 2
481 481 2
480 480 2
478 478 2
477 477 2
474 474 2
473 473 2
471 471 2
470 470 2
468 468 2
467 467 2
465 465 2
464 464 2
460 460 2
459 459 2
456 456 2
455 455 2
453 453 2
452 452 2
449 449 2
448 448 2
446 446 2
445 445 2
441 441 2
440 440 2
437 437 2
436 436 2
434 434 2
433 433 2
431 431 2
430 430 2
428 428 2
427 427 2
424 424 2
423 423 2
421 421 2
420 420 2
418 418 2
417 417 2
415 415 2
414 414 2
412 412 2
411 411 2
408 408 2
407 407 2
405 405 2
404 404 2
402 402 2
401 401 2
398 398 2
397 397 2
395 395 2
394 394 2
392 392 2
391 391 2
388 388 2
387 387 2
385 385 2
384 384 2
381 381 2
380 380 2
377 377 2
376 376 2
374 374 2
373 373 2
370 370 2
369 369 2
366 366 2
365 365 2
364 364 2
363 363 2
360 360 2
359 359 2
357 357 2
356 356 2
353 353 2
352 352 2
350 350 2
349 349 2
347 347 2
346 346 2
344 344 2
343 343 2
340 340 2
339 339 2
