# Noise levels exported from displayNoiseBS (source ImaGene):
# Format X Y noiseLevel
205 205 2
204 204 2
204 204 2
203 203 2
203 203 2
202 202 2
202 202 2
201 201 2
201 201 2
200 200 2
200 200 2
199 199 2
199 199 2
198 198 2
198 198 2
196 196 2
196 196 2
195 195 2
195 195 2
193 193 2
193 193 2
191 191 2
191 191 2
189 189 2
189 189 2
186 186 2
186 186 2
184 184 2
184 184 2
180 180 2
180 180 2
176 176 2
176 176 2
173 173 2
173 173 2
171 171 2
171 171 2
166 166 2
166 166 2
164 164 2
164 164 2
161 161 2
161 161 2
158 158 2
158 158 2
157 157 2
157 157 2
155 155 2
155 155 2
153 153 2
153 153 2
152 152 2
152 152 2
151 151 2
151 151 2
150 150 2
150 150 2
148 148 2
148 148 2
147 147 2
147 147 2
146 146 2
146 146 2
145 145 2
145 145 2
144 144 2
144 144 2
143 143 2
143 143 2
142 142 2
142 142 2
141 141 2
141 141 2
140 140 2
140 140 2
139 139 2
139 139 2
138 138 2
138 138 2
137 137 2
137 137 2
136 136 2
136 136 2
135 135 2
135 135 2
134 134 2
134 134 2
133 133 2
133 133 2
132 132 2
132 132 2
133 133 2
136 136 2
137 137 2
145 145 2
146 146 2
153 153 2
154 154 2
210 210 2
211 211 2
225 225 2
226 226 2
227 227 2
228 228 2
243 243 2
244 244 2
377 377 2
378 378 2
379 379 2
499 499 2
500 500 2
516 516 2
517 517 2
518 518 2
519 519 2
520 520 2
521 521 2
529 529 2
530 530 2
541 541 2
542 542 2
546 546 2
547 547 2
561 561 2
562 562 2
568 568 2
569 569 2
570 570 2
571 571 2
575 575 2
576 576 2
577 577 2
589 589 2
590 590 2
591 591 2
592 592 2
593 593 2
594 594 2
595 595 2
596 596 2
600 600 2
601 601 2
610 610 2
611 611 2
615 615 2
616 616 2
624 624 2
625 625 2
634 634 2
634 634 2
635 635 2
635 635 2
636 636 2
636 636 2
637 637 2
637 637 2
638 638 2
638 638 2
639 639 2
639 639 2
640 640 2
640 640 2
641 641 2
641 641 2
642 642 2
642 642 2
644 644 2
644 644 2
645 645 2
645 645 2
660 660 2
661 661 2
663 663 2
664 664 2
666 666 2
667 667 2
668 668 2
669 669 2
670 670 2
672 672 2
673 673 2
675 675 2
676 676 2
678 678 2
679 679 2
681 681 2
682 682 2
685 685 2
686 686 2
688 688 2
688 688 2
687 687 2
687 687 2
686 686 2
686 686 2
685 685 2
685 685 2
684 684 2
684 684 2
683 683 2
683 683 2
682 682 2
682 682 2
681 681 2
681 681 2
680 680 2
680 680 2
679 679 2
679 679 2
678 678 2
678 678 2
677 677 2
677 677 2
676 676 2
676 676 2
675 675 2
675 675 2
674 674 2
674 674 2
673 673 2
673 673 2
672 672 2
672 672 2
671 671 2
671 671 2
670 670 2
670 670 2
669 669 2
669 669 2
668 668 2
668 668 2
667 667 2
667 667 2
666 666 2
665 665 2
659 659 2
658 658 2
644 644 2
643 643 2
631 631 2
630 630 2
599 599 2
598 598 2
556 556 2
555 555 2
551 551 2
550 550 2
547 547 2
546 546 2
545 545 2
544 544 2
542 542 2
541 541 2
540 540 2
539 539 2
538 538 2
537 537 2
536 536 2
532 532 2
532 532 2
529 529 2
529 529 2
527 527 2
527 527 2
526 526 2
526 526 2
524 524 2
524 524 2
523 523 2
523 523 2
522 522 2
522 522 2
521 521 2
521 521 2
520 520 2
520 520 2
519 519 2
519 519 2
518 518 2
518 518 2
517 517 2
516 516 2
514 514 2
513 513 2
492 492 2
491 491 2
475 475 2
474 474 2
444 444 2
443 443 2
372 372 2
371 371 2
276 276 2
275 275 2
255 255 2
254 254 2
226 226 2
225 225 2
