# Noise levels exported from displayNoiseBS (source ImaGene):
# Format X Y noiseLevel
140 140 2
141 141 2
145 145 2
146 146 2
150 150 2
151 151 2
155 155 2
156 156 2
162 162 2
163 163 2
172 172 2
173 173 2
179 179 2
180 180 2
181 181 2
183 183 2
183 183 2
182 182 2
182 182 2
181 181 2
181 181 2
179 179 2
179 179 2
180 180 2
180 180 2
179 179 2
179 179 2
177 177 2
176 176 2
175 175 2
168 168 2
167 167 2
154 154 2
153 153 2
143 143 2
142 142 2
136 136 2
135 135 2
134 134 2
132 132 2
132 132 2
131 131 2
131 131 2
130 130 2
130 130 2
129 129 2
129 129 2
128 128 2
128 128 2
127 127 2
127 127 2
126 126 2
126 126 2
125 125 2
125 125 2
124 124 2
124 124 2
123 123 2
123 123 2
122 122 2
122 122 2
121 121 2
121 121 2
120 120 2
120 120 2
119 119 2
119 119 2
118 118 2
118 118 2
117 117 2
117 117 2
116 116 2
116 116 2
115 115 2
115 115 2
114 114 2
114 114 2
113 113 2
113 113 2
112 112 2
112 112 2
111 111 2
111 111 2
110 110 2
110 110 2
109 109 2
109 109 2
110 110 2
110 110 2
120 120 2
120 120 2
112 112 2
112 112 2
110 110 2
110 110 2
109 109 2
109 109 2
110 110 2
110 110 2
111 111 2
111 111 2
112 112 2
112 112 2
113 113 2
113 113 2
114 114 2
114 114 2
115 115 2
115 115 2
116 116 2
116 116 2
117 117 2
117 117 2
118 118 2
118 118 2
119 119 2
119 119 2
120 120 2
120 120 2
121 121 2
121 121 2
122 122 2
122 122 2
123 123 2
123 123 2
124 124 2
124 124 2
125 125 2
125 125 2
126 126 2
126 126 2
127 127 2
127 127 2
128 128 2
128 128 2
129 129 2
129 129 2
130 130 2
130 130 2
131 131 2
131 131 2
132 132 2
132 132 2
133 133 2
133 133 2
134 134 2
134 134 2
135 135 2
135 135 2
136 136 2
136 136 2
137 137 2
137 137 2
139 139 2
