# Noise levels exported from displayNoiseBS (source ImaGene):
# Format X Y noiseLevel
206 206 2
207 207 2
225 225 2
226 226 2
254 254 2
255 255 2
275 275 2
276 276 2
371 371 2
372 372 2
443 443 2
444 444 2
474 474 2
475 475 2
491 491 2
492 492 2
513 513 2
514 514 2
515 515 2
516 516 2
519 519 2
519 519 2
520 520 2
520 520 2
521 521 2
521 521 2
522 522 2
522 522 2
523 523 2
523 523 2
524 524 2
524 524 2
525 525 2
525 525 2
527 527 2
527 527 2
528 528 2
528 528 2
530 530 2
530 530 2
533 533 2
533 533 2
534 534 2
535 535 2
537 537 2
539 539 2
540 540 2
541 541 2
542 542 2
544 544 2
545 545 2
546 546 2
547 547 2
550 550 2
551 551 2
555 555 2
556 556 2
598 598 2
599 599 2
630 630 2
631 631 2
643 643 2
644 644 2
658 658 2
659 659 2
663 663 2
664 664 2
665 665 2
667 667 2
667 667 2
668 668 2
668 668 2
669 669 2
669 669 2
670 670 2
670 670 2
671 671 2
671 671 2
672 672 2
672 672 2
673 673 2
673 673 2
674 674 2
674 674 2
675 675 2
675 675 2
676 676 2
676 676 2
677 677 2
677 677 2
678 678 2
678 678 2
679 679 2
679 679 2
680 680 2
680 680 2
681 681 2
681 681 2
682 682 2
682 682 2
683 683 2
683 683 2
684 684 2
684 684 2
685 685 2
685 685 2
686 686 2
686 686 2
687 687 2
687 687 2
688 688 2
688 688 2
686 686 2
685 685 2
684 684 2
682 682 2
681 681 2
679 679 2
678 678 2
676 676 2
675 675 2
673 673 2
672 672 2
670 670 2
669 669 2
668 668 2
667 667 2
666 666 2
665 665 2
664 664 2
662 662 2
661 661 2
659 659 2
658 658 2
646 646 2
646 646 2
645 645 2
645 645 2
643 643 2
643 643 2
642 642 2
642 642 2
641 641 2
641 641 2
640 640 2
640 640 2
639 639 2
639 639 2
638 638 2
638 638 2
637 637 2
637 637 2
636 636 2
636 636 2
635 635 2
635 635 2
633 633 2
632 632 2
631 631 2
625 625 2
624 624 2
616 616 2
615 615 2
611 611 2
610 610 2
601 601 2
600 600 2
597 597 2
596 596 2
595 595 2
594 594 2
593 593 2
592 592 2
591 591 2
590 590 2
589 589 2
588 588 2
587 587 2
577 577 2
576 576 2
575 575 2
571 571 2
570 570 2
569 569 2
568 568 2
562 562 2
561 561 2
547 547 2
546 546 2
542 542 2
541 541 2
530 530 2
529 529 2
522 522 2
521 521 2
520 520 2
519 519 2
517 517 2
516 516 2
500 500 2
499 499 2
379 379 2
378 378 2
377 377 2
244 244 2
243 243 2
228 228 2
227 227 2
226 226 2
225 225 2
211 211 2
210 210 2
154 154 2
153 153 2
146 146 2
145 145 2
137 137 2
136 136 2
135 135 2
134 134 2
132 132 2
132 132 2
133 133 2
133 133 2
134 134 2
134 134 2
135 135 2
135 135 2
136 136 2
136 136 2
137 137 2
137 137 2
138 138 2
138 138 2
139 139 2
139 139 2
140 140 2
140 140 2
141 141 2
141 141 2
142 142 2
142 142 2
143 143 2
143 143 2
144 144 2
144 144 2
145 145 2
145 145 2
146 146 2
146 146 2
147 147 2
147 147 2
149 149 2
149 149 2
150 150 2
150 150 2
151 151 2
151 151 2
152 152 2
152 152 2
154 154 2
154 154 2
156 156 2
156 156 2
157 157 2
157 157 2
160 160 2
160 160 2
163 163 2
163 163 2
165 165 2
165 165 2
170 170 2
170 170 2
172 172 2
172 172 2
175 175 2
175 175 2
179 179 2
179 179 2
183 183 2
183 183 2
185 185 2
185 185 2
188 188 2
188 188 2
190 190 2
190 190 2
192 192 2
192 192 2
194 194 2
194 194 2
195 195 2
195 195 2
197 197 2
197 197 2
198 198 2
198 198 2
199 199 2
199 199 2
200 200 2
200 200 2
201 201 2
201 201 2
202 202 2
202 202 2
203 203 2
203 203 2
205 205 2
